55
636
221
130
821
334
222
33
390
558
354
384
958
582
817
773
350
862
135
390
33
991
827
975
394
645
294
578
733
910
218
162
726
433
173
45
569
471
798
387
2
178
824
10
134
638
806
419
802
385
383
513
739
576
619
15
114
572
73
920
370
194
386
591
377
41
484
537
85
428
361
492
742
614
852
619
338
395
384
219
778
14
743
588
930
172
855
334
922
594
334
734
244
710
149
668
396
888
224
616
171
767
879
367
410
587
990
454
608
195
281
804
223
66
444
5
59
325
313
786
536
812
893
388
756
50
721
700
233
379
680
725
319
894
480
20
34
178
281
230
391
73
747
308
376
270
858
635
576
926
335
244
483
421
171
625
919
152
270
313
663
130
676
671
40
714
22
446
602
776
252
298
855
293
900
813
620
436
805
338
897
452
534
645
31
798
39
628
983
572
256
719
119
221
838
736
833
658
481
951
832
344
14
732
470
308
585
434
644
203
754
189
741
577
973
334
135
265
841
851
884
541
761
21
419
426
988
807
586
569
891
842
709
920
814
146
146
386
660
21
473
769
301
832
476
664
512
813
465
291
830
530
9
215
25
91
595
796
741
634
486
730
612
347
247
502
54
899
33
764
886
356
325
291
76
440
908
363
744
729
438
568
93
327
785
22
665
128
675
63
966
253
630
12
694
858
380
396
536
595
807
862
577
651
397
206
569
673
949
768
37
202
727
631
790
937
960
645
15
564
314
710
134
285
516
905
881
190
535
744
104
151
270
492
89
378
574
416
161
481
588
813
925
64
526
818
92
659
131
898
143
219
82
469
842
538
17
5
848
542
725
179
979
274
742
407
706
559
520
724
820
482
160
809
753
829
488
750
179
763
728
538
368
521
391
250
212
192
412
74
460
8
558
828
407
299
382
237
842
826
384
795
595
244
726
66
17
765
9
462
562
729
376
937
887
655
918
825
282
154
508
80
298
43
610
597
810
92
70
463
244
212
857
818
977
246
260
345
521
102
185
311
495
452
287
378
935
677
50
872
235
252
672
704
777
262
706
806
233
27
130
347
122
444
827
904
251
56
485
737
964
315
914
356
533
755
794
445
289
43
144
646
807
45
392
3
447
170
365
741
366
721
237
738
151
343
927
546
863
943
72
877
925
997
397
181
735
321
798
375
93
53
786
214
488
223
103
188
884
839
202
910
994
172
24
50
635
869
225
100
356
600
487
443
236
633
33
192
375
49
738
909
83
888
713
389
89
104
690
82
413
53
446
784
245
378
429
19
537
701
978
137
77
599
901
521
307
531
805
379
526
449
28
627
550
22
507
863
743
481
498
561
832
209
780
922
59
673
242
293
950
702
788
361
179
471
115
993
589
882
225
159
266
809
183
135
797
66
850
503
147
513
780
955
289
934
743
9
376
805
523
377
45
372
332
646
951
372
449
862
64
628
942
515
646
763
106
77
219
637
842
968
398
713
676
308
4
814
891
684
420
24
242
296
829
237
496
778
210
867
566
506
230
976
458
246
232
504
943
650
238
729
30
547
923
492
601
532
632
357
642
892
939
746
765
728
258
257
742
415
586
63
699
871
633
289
408
239
319
900
115
624
195
309
978
474
701
966
363
353
712
626
38
611
893
868
454
942
796
500
699
576
406
698
182
144
771
522
463
829
609
540
171
391
353
357
975
530
87
708
554
728
511
425
470
183
253
828
958
725
472
519
31
841
136
135
286
752
549
560
782
852
493
36
951
732
474
846
701
144
263
155
284
384
192
891
741
928
557
821
689
964
900
90
571
141
870
948
934
714
321
604
152
172
787
963
607
147
704
45
205
226
263
831
797
79
24
326
422
597
16
400
717
939
299
857
957
252
298
394
447
640
666
655
767
358
527
782
217
400
655
773
965
457
780
220
868
523
731
544
538
7
623
278
381
455
902
656
721
302
912
205
706
271
881
342
227
529
320
770
26
137
981
156
762
835
496
73
611
942
796
659
175
775
441
896
424
989
867
259
798
874
675
461
535
145
770
544
258
736
295
138
634
122
656
708
535
623
633
104
525
120
464
32
670
564
443
856
315
364
996
655
101
264
936
225
801
201
108
488
70
771
881
144
358
918
420
987
953
47
451
315
234
56
409
173
402
907
732
699
79
458
224
182
446
968
951
405
222
288
397
858
829
658
885
254
362
551
599
104
395
111
879
91
736
400
70
642
449
270
974
92
691
950
636
218
817
256
414
933
30
421
936
332
724
403
790
123
372
531
316
399
257
49
363
444
402
941
634
419
